210.000	11.288	11.288
211.000	11.288	11.288
212.000	11.289	11.289
213.000	11.289	11.289
214.000	11.133	11.135
215.000	10.899	10.899
216.000	10.664	10.667
217.000	10.432	10.433
218.000	10.199	10.199
219.000	9.965	9.966
220.000	9.731	9.732
221.000	9.498	9.498
222.000	9.264	9.265
223.000	9.030	9.030
224.000	8.875	8.875
225.000	8.641	8.641
226.000	8.408	8.408
227.000	8.174	8.174
228.000	7.941	7.941
229.000	7.707	7.708
230.000	7.474	7.474
231.000	7.240	7.241
232.000	7.008	7.008
233.000	6.775	6.776
234.000	6.542	6.542
235.000	6.309	6.310
236.000	6.077	6.077
237.000	5.843	5.843
238.000	5.611	5.612
239.000	5.378	5.379
240.000	5.221	5.221
241.000	4.988	4.988
242.000	4.756	4.757
243.000	4.524	4.524
244.000	4.293	4.293
245.000	4.061	4.061
246.000	3.829	3.831
247.000	3.587	3.601
248.000	2.589	3.371
249.000	0.486	3.139
250.000	0.070	2.905
210.000	11.288	11.288
211.000	11.289	11.289
212.000	11.286	11.289
213.000	11.290	11.290
214.000	11.136	11.136
215.000	10.901	10.901
216.000	10.668	10.668
217.000	10.434	10.434
218.000	10.200	10.201
219.000	9.966	9.967
220.000	9.733	9.733
221.000	9.498	9.499
222.000	9.265	9.266
223.000	9.031	9.031
224.000	8.875	8.876
225.000	8.641	8.642
226.000	8.408	8.409
227.000	8.174	8.175
228.000	7.941	7.942
229.000	7.708	7.708
230.000	7.475	7.475
231.000	7.241	7.242
232.000	7.008	7.009
233.000	6.775	6.776
234.000	6.542	6.543
235.000	6.309	6.309
236.000	6.077	6.077
237.000	5.843	5.844
238.000	5.611	5.611
239.000	5.378	5.378
240.000	5.221	5.221
241.000	4.988	4.989
242.000	4.756	4.756
243.000	4.524	4.524
244.000	4.292	4.293
245.000	4.061	4.061
246.000	3.829	3.832
247.000	3.587	3.601
248.000	2.587	3.372
249.000	0.486	3.140
250.000	0.071	2.905
210.000	11.289	11.289
211.000	11.289	11.289
212.000	11.290	11.290
213.000	11.291	11.291
214.000	11.136	11.136
215.000	10.901	10.901
216.000	10.668	10.669
217.000	10.434	10.434
218.000	10.200	10.200
219.000	9.966	9.966
220.000	9.732	9.733
221.000	9.499	9.499
222.000	9.265	9.266
223.000	9.031	9.031
224.000	8.875	8.876
225.000	8.641	8.641
226.000	8.408	8.409
227.000	8.174	8.175
228.000	7.942	7.942
229.000	7.708	7.708
230.000	7.475	7.475
231.000	7.241	7.241
232.000	7.008	7.008
233.000	6.775	6.776
234.000	6.543	6.543
235.000	6.309	6.310
236.000	6.077	6.078
237.000	5.844	5.844
238.000	5.611	5.612
239.000	5.378	5.378
240.000	5.221	5.221
241.000	4.988	4.988
242.000	4.756	4.756
243.000	4.524	4.525
244.000	4.293	4.293
245.000	4.061	4.062
246.000	3.829	3.832
247.000	3.587	3.600
248.000	2.585	3.372
249.000	0.484	3.139
250.000	0.071	2.904
210.000	11.288	11.288
211.000	11.289	11.290
212.000	11.290	11.290
213.000	11.290	11.291
214.000	11.136	11.137
215.000	10.902	10.903
216.000	10.669	10.669
217.000	10.434	10.435
218.000	10.200	10.201
219.000	9.966	9.967
220.000	9.733	9.733
221.000	9.499	9.500
222.000	9.266	9.266
223.000	9.031	9.031
224.000	8.873	8.876
225.000	8.642	8.642
226.000	8.409	8.410
227.000	8.174	8.175
228.000	7.941	7.942
229.000	7.708	7.709
230.000	7.473	7.476
231.000	7.241	7.241
232.000	7.008	7.009
233.000	6.775	6.775
234.000	6.543	6.543
235.000	6.309	6.309
236.000	6.077	6.077
237.000	5.844	5.844
238.000	5.611	5.612
239.000	5.378	5.379
240.000	5.221	5.221
241.000	4.988	4.989
242.000	4.756	4.757
243.000	4.524	4.524
244.000	4.293	4.293
245.000	4.061	4.061
246.000	3.829	3.832
247.000	3.587	3.600
248.000	2.591	3.372
249.000	0.487	3.139
250.000	0.071	2.904
210.000	11.289	11.290
211.000	11.289	11.289
212.000	11.290	11.290
213.000	11.290	11.291
214.000	11.136	11.137
215.000	10.902	10.903
216.000	10.668	10.668
217.000	10.434	10.434
218.000	10.201	10.201
219.000	9.966	9.966
220.000	9.733	9.734
221.000	9.499	9.499
222.000	9.265	9.266
223.000	9.031	9.031
224.000	8.876	8.876
225.000	8.642	8.643
226.000	8.408	8.409
227.000	8.174	8.174
228.000	7.942	7.942
229.000	7.708	7.709
230.000	7.475	7.475
231.000	7.241	7.241
232.000	7.009	7.009
233.000	6.775	6.775
234.000	6.543	6.542
235.000	6.309	6.310
236.000	6.077	6.078
237.000	5.844	5.844
238.000	5.611	5.612
239.000	5.378	5.378
240.000	5.221	5.221
241.000	4.988	4.989
242.000	4.756	4.756
243.000	4.524	4.524
244.000	4.293	4.294
245.000	4.061	4.062
246.000	3.829	3.831
247.000	3.587	3.601
248.000	2.592	3.372
249.000	0.488	3.140
250.000	0.071	2.905
210.000	11.289	11.290
211.000	11.289	11.290
212.000	11.290	11.290
213.000	11.291	11.291
214.000	11.136	11.136
215.000	10.902	10.902
216.000	10.668	10.669
217.000	10.433	10.435
218.000	10.201	10.202
219.000	9.966	9.967
220.000	9.733	9.734
221.000	9.499	9.500
222.000	9.266	9.266
223.000	9.031	9.032
224.000	8.875	8.876
225.000	8.642	8.642
226.000	8.409	8.410
227.000	8.175	8.176
228.000	7.942	7.942
229.000	7.708	7.708
230.000	7.475	7.475
231.000	7.241	7.242
232.000	7.008	7.009
233.000	6.776	6.776
234.000	6.543	6.543
235.000	6.309	6.310
236.000	6.077	6.077
237.000	5.844	5.844
238.000	5.611	5.611
239.000	5.378	5.378
240.000	5.221	5.221
241.000	4.988	4.989
242.000	4.756	4.757
243.000	4.524	4.524
244.000	4.293	4.294
245.000	4.061	4.062
246.000	3.828	3.831
247.000	3.587	3.601
248.000	2.591	3.372
249.000	0.487	3.140
250.000	0.071	2.904
210.000	11.289	11.290
211.000	11.290	11.290
212.000	11.290	11.291
213.000	11.291	11.291
214.000	11.136	11.137
215.000	10.902	10.902
216.000	10.669	10.669
217.000	10.434	10.435
218.000	10.200	10.201
219.000	9.966	9.967
220.000	9.730	9.733
221.000	9.499	9.499
222.000	9.265	9.266
223.000	9.031	9.032
224.000	8.875	8.876
225.000	8.642	8.642
226.000	8.408	8.408
227.000	8.174	8.174
228.000	7.942	7.942
229.000	7.708	7.708
230.000	7.475	7.476
231.000	7.241	7.241
232.000	7.008	7.009
233.000	6.775	6.776
234.000	6.542	6.543
235.000	6.309	6.309
236.000	6.077	6.078
237.000	5.844	5.844
238.000	5.611	5.612
239.000	5.378	5.379
240.000	5.221	5.221
241.000	4.988	4.988
242.000	4.756	4.757
243.000	4.524	4.524
244.000	4.292	4.293
245.000	4.061	4.062
246.000	3.829	3.831
247.000	3.587	3.601
248.000	2.597	3.372
249.000	0.489	3.140
250.000	0.071	2.904
210.000	11.289	11.289
211.000	11.290	11.290
212.000	11.291	11.290
213.000	11.291	11.292
214.000	11.136	11.136
215.000	10.902	10.902
216.000	10.668	10.669
217.000	10.434	10.434
218.000	10.199	10.201
219.000	9.966	9.967
220.000	9.733	9.733
221.000	9.499	9.499
222.000	9.265	9.266
223.000	9.031	9.031
224.000	8.875	8.876
225.000	8.641	8.642
226.000	8.408	8.409
227.000	8.174	8.175
228.000	7.942	7.942
229.000	7.708	7.708
230.000	7.475	7.475
231.000	7.241	7.242
232.000	7.009	7.009
233.000	6.775	6.775
234.000	6.542	6.543
235.000	6.309	6.310
236.000	6.077	6.077
237.000	5.844	5.844
238.000	5.612	5.612
239.000	5.378	5.379
240.000	5.220	5.221
241.000	4.988	4.988
242.000	4.756	4.757
243.000	4.524	4.524
244.000	4.293	4.293
245.000	4.061	4.062
246.000	3.829	3.831
247.000	3.587	3.601
248.000	2.600	3.372
249.000	0.490	3.139
250.000	0.071	2.904
210.000	11.289	11.289
211.000	11.290	11.290
212.000	11.290	11.290
213.000	11.291	11.291
214.000	11.136	11.136
215.000	10.902	10.902
216.000	10.668	10.669
217.000	10.434	10.434
218.000	10.201	10.201
219.000	9.966	9.967
220.000	9.733	9.734
221.000	9.499	9.499
222.000	9.265	9.265
223.000	9.031	9.031
224.000	8.875	8.876
225.000	8.642	8.642
226.000	8.409	8.409
227.000	8.175	8.175
228.000	7.940	7.942
229.000	7.708	7.709
230.000	7.475	7.476
231.000	7.241	7.242
232.000	7.008	7.008
233.000	6.775	6.776
234.000	6.543	6.543
235.000	6.309	6.310
236.000	6.077	6.077
237.000	5.844	5.844
238.000	5.612	5.612
239.000	5.378	5.378
240.000	5.221	5.221
241.000	4.988	4.988
242.000	4.756	4.756
243.000	4.524	4.525
244.000	4.293	4.293
245.000	4.060	4.061
246.000	3.829	3.831
247.000	3.587	3.601
248.000	2.601	3.371
249.000	0.490	3.139
250.000	0.071	2.904
210.000	11.289	11.290
211.000	11.290	11.290
212.000	11.291	11.291
213.000	11.290	11.291
214.000	11.136	11.137
215.000	10.902	10.902
216.000	10.668	10.669
217.000	10.434	10.434
218.000	10.201	10.201
219.000	9.966	9.966
220.000	9.733	9.733
221.000	9.499	9.499
222.000	9.266	9.266
223.000	9.031	9.032
224.000	8.876	8.877
225.000	8.642	8.643
226.000	8.409	8.410
227.000	8.175	8.175
228.000	7.941	7.942
229.000	7.708	7.709
230.000	7.475	7.475
231.000	7.241	7.241
232.000	7.008	7.009
233.000	6.775	6.776
234.000	6.542	6.542
235.000	6.309	6.310
236.000	6.077	6.078
237.000	5.844	5.844
238.000	5.611	5.611
239.000	5.378	5.378
240.000	5.221	5.221
241.000	4.988	4.988
242.000	4.756	4.756
243.000	4.524	4.524
244.000	4.292	4.293
245.000	4.061	4.062
246.000	3.827	3.831
247.000	3.587	3.601
248.000	2.610	3.372
249.000	0.494	3.140
250.000	0.072	2.905
